RANK THIS WEEK,RANK LAST WEEK,PLAYER NAME,EVENTS,TOTAL,DISTANCE RANK,ACCURACY RANK,year,measure
1,1,Brendan Steele,15,64,24,40,2019,total_driving
2,4,Paul Casey,14,75,62,13,2019,total_driving
3,2,Gary Woodland,16,77,8,69,2019,total_driving
4,3,Bryson DeChambeau,11,79,42,37,2019,total_driving
5,6,Louis Oosthuizen,11,84,49,35,2019,total_driving
6,5,Justin Harding,9,99,93,6,2019,total_driving
7,T9,Daniel Berger,12,103,69,34,2019,total_driving
T8,12,Keegan Bradley,16,104,58,46,2019,total_driving
T8,11,Emiliano Grillo,15,104,65,39,2019,total_driving
10,T7,Abraham Ancer,18,111,89,22,2019,total_driving
11,T9,Brooks Koepka,12,112,14,98,2019,total_driving
12,T7,Jon Rahm,13,114,19,95,2019,total_driving
13,15,Jason Kokrak,16,117,26,91,2019,total_driving
14,T13,Charles Howell III,18,122,43,79,2019,total_driving
15,16,Matt Kuchar,14,124,116,8,2019,total_driving
16,22,Corey Conners,17,129,85,44,2019,total_driving
T17,T20,Joel Dahmen,20,132,112,20,2019,total_driving
T17,T17,Troy Merritt,11,132,89,43,2019,total_driving
T19,27,Hideki Matsuyama,14,134,23,111,2019,total_driving
T19,19,Aaron Wise,14,134,30,104,2019,total_driving
21,T17,Tommy Fleetwood,11,136,47,89,2019,total_driving
22,T25,Alex Prugh,17,138,41,97,2019,total_driving
23,T23,Rickie Fowler,12,139,25,114,2019,total_driving
24,28,Carlos Ortiz,18,140,55,85,2019,total_driving
25,T20,Ian Poulter,12,141,109,32,2019,total_driving
26,T13,Tiger Woods,7,142,56,86,2019,total_driving
27,T30,Lucas Glover,16,146,78,68,2019,total_driving
28,T23,Jason Day,13,147,26,121,2019,total_driving
T29,29,Kevin Streelman,18,148,124,24,2019,total_driving
T29,T40,Bubba Watson,12,148,7,141,2019,total_driving
31,999,Thorbjørn Olesen,8,149,67,82,2019,total_driving
32,T50,Tyrrell Hatton,11,150,56,94,2019,total_driving
33,T30,Sungjae Im,23,154,93,61,2019,total_driving
34,T43,Scott Piercy,17,155,138,17,2019,total_driving
T35,32,Lucas Bjerregaard,9,157,6,151,2019,total_driving
T35,T25,Henrik Stenson,10,157,141,16,2019,total_driving
T37,37,Justin Thomas,11,158,38,120,2019,total_driving
T37,39,D.J. Trahan,10,158,51,107,2019,total_driving
T37,36,Chase Wright,18,158,76,82,2019,total_driving
40,T40,Hank Lebioda,15,164,111,53,2019,total_driving
T41,T40,Kramer Hickok,17,165,151,14,2019,total_driving
T41,33,Rory McIlroy,11,165,2,163,2019,total_driving
T41,45,Chez Reavie,18,165,163,2,2019,total_driving
44,T34,Alex Noren,12,167,50,117,2019,total_driving
45,63,Francesco Molinari,9,168,123,45,2019,total_driving
T46,T48,Hunter Mahan,15,169,102,67,2019,total_driving
T46,T43,Harold Varner III,18,169,35,134,2019,total_driving
T48,T50,Jim Herman,15,170,144,26,2019,total_driving
T48,T54,Seth Reeves,17,170,11,159,2019,total_driving
T50,T48,Matt Every,9,172,112,60,2019,total_driving
T50,T34,Adam Hadwin,16,172,121,51,2019,total_driving
T50,T58,Keith Mitchell,18,172,40,132,2019,total_driving
T53,57,Byeong Hun An,13,174,14,160,2019,total_driving
T53,52,Austin Cook,14,174,151,23,2019,total_driving
T53,T61,Xander Schauffele,13,174,28,146,2019,total_driving
T53,T54,Roger Sloan,18,174,81,93,2019,total_driving
57,53,James Hahn,10,175,128,47,2019,total_driving
T58,T58,Harris English,20,177,51,126,2019,total_driving
T58,T54,Wes Roach,13,177,129,48,2019,total_driving
60,64,Webb Simpson,13,178,159,19,2019,total_driving
T61,46,Tony Finau,15,179,4,175,2019,total_driving
T61,70,Sung Kang,19,179,63,116,2019,total_driving
63,T58,Matt Jones,17,181,81,100,2019,total_driving
64,T61,Sam Ryder,15,182,86,96,2019,total_driving
T65,65,Tyler Duncan,21,183,171,12,2019,total_driving
T65,T66,Sepp Straka,15,183,39,144,2019,total_driving
67,T66,Fabián Gómez,13,184,149,35,2019,total_driving
68,T74,Bronson Burgoon,12,185,116,69,2019,total_driving
T69,47,Kiradech Aphibarnrat,13,186,99,87,2019,total_driving
T69,T92,Patrick Cantlay,13,186,12,174,2019,total_driving
T69,T68,Russell Henley,17,186,166,20,2019,total_driving
T69,T68,Andrew Landry,16,186,176,10,2019,total_driving
T73,38,Adam Scott,11,187,45,142,2019,total_driving
T73,T71,Kyle Stanley,17,187,133,54,2019,total_driving
T75,T74,Ryan Palmer,14,188,73,115,2019,total_driving
T75,T71,Jhonattan Vegas,16,188,19,169,2019,total_driving
T77,T81,Russell Knox,16,189,125,64,2019,total_driving
T77,T89,Adam Long,17,189,108,81,2019,total_driving
T79,T76,Brice Garnett,18,190,181,9,2019,total_driving
T79,T76,Kevin Kisner,15,190,161,29,2019,total_driving
T81,T76,Sebastián Muñoz,17,191,64,127,2019,total_driving
T81,T85,Justin Rose,9,191,21,170,2019,total_driving
T81,T79,Adam Schenk,21,191,61,130,2019,total_driving
84,T79,Joaquin Niemann,17,193,48,145,2019,total_driving
T85,T85,Bud Cauley,16,194,106,88,2019,total_driving
T85,T81,Cameron Davis,17,194,16,178,2019,total_driving
T87,T71,Sergio Garcia,10,195,37,158,2019,total_driving
T87,88,Ryan Moore,15,195,190,5,2019,total_driving
89,T81,Michael Thompson,15,196,178,18,2019,total_driving
90,T81,Davis Love III,9,197,147,50,2019,total_driving
T91,T95,Sam Burns,20,198,22,176,2019,total_driving
T91,T89,Cameron Champ,17,198,1,197,2019,total_driving
T93,98,Ben Silverman,15,199,184,15,2019,total_driving
T93,T92,Josh Teater,15,199,134,65,2019,total_driving
T95,T99,Matthew Fitzpatrick,9,200,158,42,2019,total_driving
T95,T85,Kevin Na,14,200,125,75,2019,total_driving
T97,T115,Dustin Johnson,11,202,12,190,2019,total_driving
T97,T92,Nick Watney,17,202,59,143,2019,total_driving
99,101,Rory Sabbatini,17,203,129,74,2019,total_driving
T100,T95,Luke List,15,204,2,202,2019,total_driving
T100,T99,Denny McCarthy,18,204,132,72,2019,total_driving
102,106,Beau Hossler,18,205,80,125,2019,total_driving
T103,T103,Ryan Armour,18,206,202,4,2019,total_driving
T103,102,Wyndham Clark,18,206,5,201,2019,total_driving
T103,T107,J.J. Spaun,18,206,129,77,2019,total_driving
T106,91,Chesson Hadley,18,207,69,138,2019,total_driving
T106,T107,David Hearn,13,207,200,7,2019,total_driving
T108,T95,Rafa Cabrera Bello,14,208,137,71,2019,total_driving
T108,T109,Nate Lashley,11,208,180,28,2019,total_driving
110,T109,Jim Furyk,13,209,208,1,2019,total_driving
T111,T109,Dylan Frittelli,15,212,84,128,2019,total_driving
T111,105,Haotong Li,8,212,33,179,2019,total_driving
T113,113,Brian Gay,19,213,210,3,2019,total_driving
T113,112,Kyoung-Hoon Lee,20,213,172,41,2019,total_driving
115,T103,Kevin Tway,17,214,32,182,2019,total_driving
116,T115,Martin Laird,16,216,93,123,2019,total_driving
T117,118,Grayson Murray,14,218,9,209,2019,total_driving
T117,T119,Brian Stuard,20,218,207,11,2019,total_driving
119,121,Vaughn Taylor,19,219,194,25,2019,total_driving
T120,T124,Satoshi Kodaira,16,220,189,31,2019,total_driving
T120,T131,Brady Schnell,13,220,193,27,2019,total_driving
T122,T119,Sangmoon Bae,15,221,103,118,2019,total_driving
T122,T124,Dominic Bozzelli,15,221,109,112,2019,total_driving
T122,T124,Ollie Schniederjans,20,221,10,211,2019,total_driving
T125,T134,Brandon Harkins,20,222,34,188,2019,total_driving
T125,T122,Graeme McDowell,14,222,173,49,2019,total_driving
T125,T122,Trey Mullinax,18,222,17,205,2019,total_driving
128,T136,Kyle Jones,18,224,194,30,2019,total_driving
T129,T115,Marc Leishman,13,226,72,154,2019,total_driving
T129,T127,Shawn Stefani,17,226,107,119,2019,total_driving
T131,130,Roberto Díaz,15,227,166,61,2019,total_driving
T131,T127,Branden Grace,16,227,66,161,2019,total_driving
T133,T138,Patton Kizzire,16,228,92,136,2019,total_driving
T133,T142,Phil Mickelson,12,228,18,210,2019,total_driving
T133,153,J.T. Poston,20,228,93,135,2019,total_driving
T133,T131,Matt Wallace,9,228,36,192,2019,total_driving
137,140,J.B. Holmes,16,229,29,200,2019,total_driving
138,T136,J.J. Henry,13,230,175,55,2019,total_driving
139,T134,Danny Lee,17,231,43,188,2019,total_driving
140,144,C.T. Pan,18,232,176,56,2019,total_driving
141,T145,Cameron Smith,15,234,69,165,2019,total_driving
T142,T145,Scott Brown,18,235,162,73,2019,total_driving
T142,T151,Zach Johnson,13,235,169,66,2019,total_driving
T144,T149,Jonas Blixt,18,237,157,80,2019,total_driving
T144,T147,Patrick Rodgers,14,237,54,183,2019,total_driving
T144,T147,Johnson Wagner,13,237,199,38,2019,total_driving
T147,141,Billy Horschel,17,238,135,103,2019,total_driving
T147,999,Shane Lowry,9,238,51,187,2019,total_driving
T147,T142,Martin Trainer,17,238,31,207,2019,total_driving
150,T131,Brian Harman,19,239,181,58,2019,total_driving
151,T149,Max Homa,17,241,46,195,2019,total_driving
152,158,Scott Langley,18,244,211,33,2019,total_driving
T153,154,Ryan Blaum,20,247,155,92,2019,total_driving
T153,T156,Roberto Castro,14,247,191,56,2019,total_driving
T153,160,Hudson Swafford,18,247,81,166,2019,total_driving
156,161,Si Woo Kim,18,249,99,150,2019,total_driving
T157,T127,Martin Kaymer,9,250,119,131,2019,total_driving
T157,T156,Pat Perez,14,250,174,76,2019,total_driving
T159,159,Joey Garber,14,252,142,110,2019,total_driving
T159,162,Jim Knous,16,252,68,184,2019,total_driving
161,T163,Ben Crane,11,253,201,52,2019,total_driving
162,T151,Patrick Reed,15,254,86,168,2019,total_driving
T163,T171,Kelly Kraft,20,255,146,109,2019,total_driving
T163,T167,Jimmy Walker,15,255,59,196,2019,total_driving
T165,T163,Tom Hoge,22,256,151,105,2019,total_driving
T165,T167,Brandt Snedeker,16,256,166,90,2019,total_driving
167,T167,Rod Pampling,14,257,179,78,2019,total_driving
T168,T167,Talor Gooch,9,258,78,180,2019,total_driving
T168,T174,Cameron Tringale,14,258,91,167,2019,total_driving
170,166,Sam Saunders,17,259,73,186,2019,total_driving
171,155,Richy Werenski,18,260,138,122,2019,total_driving
T172,T163,Jason Dufner,17,261,163,98,2019,total_driving
T172,177,Seamus Power,19,261,105,156,2019,total_driving
174,T174,Alex Cejka,15,262,203,59,2019,total_driving
T175,T171,Anders Albertson,17,263,125,138,2019,total_driving
T175,T174,John Chin,13,263,86,177,2019,total_driving
177,T171,Charley Hoffman,16,265,103,162,2019,total_driving
178,178,Derek Fathauer,9,267,204,63,2019,total_driving
179,T184,Danny Willett,13,269,112,157,2019,total_driving
180,179,Adam Svensson,17,273,165,108,2019,total_driving
181,180,Stephan Jaeger,18,274,101,173,2019,total_driving
182,183,Mackenzie Hughes,17,279,98,181,2019,total_driving
T183,T189,Jordan Spieth,14,281,77,204,2019,total_driving
T183,182,Robert Streb,19,281,145,136,2019,total_driving
T183,181,Peter Uihlein,19,281,75,206,2019,total_driving
186,187,Scott Stallings,17,284,93,191,2019,total_driving
T187,188,Stewart Cink,12,287,115,172,2019,total_driving
T187,186,Anirban Lahiri,15,287,138,149,2019,total_driving
T187,191,"Ted Potter, Jr.",16,287,205,82,2019,total_driving
190,T184,Chris Kirk,17,288,186,102,2019,total_driving
191,194,Nick Taylor,18,290,135,155,2019,total_driving
192,T192,John Senden,13,291,185,106,2019,total_driving
T193,T189,John Huh,13,292,192,100,2019,total_driving
T193,T192,José de Jesús Rodríguez,16,292,159,133,2019,total_driving
195,195,Whee Kim,18,296,183,113,2019,total_driving
196,197,Aaron Baddeley,13,302,149,153,2019,total_driving
197,196,Bill Haas,15,303,156,147,2019,total_driving
198,199,Julián Etulain,16,310,116,194,2019,total_driving
199,201,Ernie Els,13,316,187,129,2019,total_driving
200,200,Cody Gribble,17,320,122,198,2019,total_driving
201,202,Chris Stroud,17,322,151,171,2019,total_driving
202,203,Charl Schwartzel,13,328,120,208,2019,total_driving
203,T204,D.A. Points,13,333,209,124,2019,total_driving
204,T204,Freddie Jacobson,14,335,187,148,2019,total_driving
205,207,Jonathan Byrd,12,336,196,140,2019,total_driving
206,208,Chris Thompson,11,345,142,203,2019,total_driving
207,209,Peter Malnati,16,347,148,199,2019,total_driving
208,206,Andrew Putnam,15,349,197,152,2019,total_driving
209,211,Curtis Luck,16,354,169,185,2019,total_driving
210,213,Martin Piller,9,362,198,164,2019,total_driving
211,214,Michael Kim,19,399,206,193,2019,total_driving
