RANK THIS WEEK,RANK LAST WEEK,PLAYER NAME,EVENTS,TOTAL,DISTANCE RANK,ACCURACY RANK,year,measure
1,1,Andrew Novak,2,35,17,18,2007,total_driving
2,3,Viktor Hovland,4,63,16,47,2007,total_driving
3,4,Chase Koepka,2,72,34,38,2007,total_driving
4,5,John Oda,2,74,70,4,2007,total_driving
5,6,D.J. Trahan,7,91,47,44,2007,total_driving
6,8,Gary Woodland,4,98,94,4,2007,total_driving
7,9,Branden Grace,4,99,21,78,2007,total_driving
T8,10,Patrick Cantlay,3,103,86,17,2007,total_driving
T8,7,Doc Redman,10,103,77,26,2007,total_driving
10,2,Ryan Moore,5,105,94,11,2007,total_driving
11,13,Scottie Scheffler,8,126,15,111,2007,total_driving
12,T19,Kyoung-Hoon Lee,10,128,106,22,2007,total_driving
13,14,Martin Laird,8,129,42,87,2007,total_driving
14,11,Kevin Streelman,9,130,62,68,2007,total_driving
15,25,Jhonattan Vegas,6,132,24,108,2007,total_driving
T16,15,Nick Taylor,8,133,109,24,2007,total_driving
T16,T23,Brendan Steele,8,133,63,70,2007,total_driving
18,12,Harris English,7,135,36,99,2007,total_driving
T19,T27,Harry Higgs,10,140,79,61,2007,total_driving
T19,T27,Sung Kang,7,140,53,87,2007,total_driving
T21,22,Emiliano Grillo,7,142,110,32,2007,total_driving
T21,18,Bubba Watson,4,142,1,141,2007,total_driving
23,T19,Bryson DeChambeau,3,144,13,131,2007,total_driving
24,T52,Matthew Wolff,5,145,40,105,2007,total_driving
25,29,Joel Dahmen,8,149,100,49,2007,total_driving
26,16,Jason Kokrak,5,153,8,145,2007,total_driving
27,17,Josh Teater,6,156,83,73,2007,total_driving
28,T23,Cameron Champ,7,157,2,155,2007,total_driving
29,33,Ryan Palmer,5,160,146,14,2007,total_driving
30,T35,Adam Hadwin,5,164,121,43,2007,total_driving
31,26,Sungjae Im,8,165,50,115,2007,total_driving
32,31,Henrik Norlander,10,168,132,36,2007,total_driving
T33,38,Boo Weekley,5,169,147,22,2007,total_driving
T33,T35,Harold Varner III,7,169,18,151,2007,total_driving
35,37,Lanto Griffin,10,170,40,130,2007,total_driving
36,T19,Lucas Glover,7,174,98,76,2007,total_driving
37,34,Scott Brown,9,175,151,24,2007,total_driving
38,T44,Sebastián Muñoz,10,176,60,116,2007,total_driving
T39,40,Daniel Berger,6,177,56,121,2007,total_driving
T39,42,Keegan Bradley,7,177,71,106,2007,total_driving
41,39,Chesson Hadley,7,179,106,73,2007,total_driving
42,43,Webb Simpson,3,182,170,12,2007,total_driving
43,48,Danny Lee,7,185,9,176,2007,total_driving
44,T50,Pat Perez,6,186,130,56,2007,total_driving
45,T52,Matthew NeSmith,9,188,154,34,2007,total_driving
46,T99,Sepp Straka,10,191,92,99,2007,total_driving
T47,T90,Isaiah Salinda,3,192,14,178,2007,total_driving
T47,T56,John Merrick,4,192,135,57,2007,total_driving
T49,T50,Jim Furyk,3,193,192,1,2007,total_driving
T49,55,Chad Campbell,4,193,178,15,2007,total_driving
T49,T44,Wyndham Clark,7,193,32,161,2007,total_driving
52,32,Alex Noren,4,195,108,87,2007,total_driving
53,,Rickie Fowler,2,196,194,2,2007,total_driving
T54,T56,Tony Finau,5,198,12,186,2007,total_driving
T54,T62,Phil Mickelson,5,198,31,167,2007,total_driving
T54,T62,Aaron Wise,7,198,51,147,2007,total_driving
T54,T69,Chase Seiffert,9,198,127,71,2007,total_driving
T58,T73,Abraham Ancer,8,199,113,86,2007,total_driving
T58,61,Adam Schenk,10,199,33,166,2007,total_driving
T58,T64,Scott Harrington,9,199,34,165,2007,total_driving
T61,T52,Brian Harman,8,200,143,57,2007,total_driving
T61,47,Jason Dufner,7,200,140,60,2007,total_driving
T61,59,Cameron Smith,6,200,77,123,2007,total_driving
T64,46,Kramer Hickok,9,201,124,77,2007,total_driving
T64,60,Matt Jones,8,201,49,152,2007,total_driving
66,30,Robby Shelton,10,202,88,114,2007,total_driving
T67,83,Grayson Murray,6,203,4,199,2007,total_driving
T67,T73,Russell Knox,8,203,138,65,2007,total_driving
69,41,Denny McCarthy,8,204,101,103,2007,total_driving
70,T80,Sam Ryder,10,209,53,156,2007,total_driving
71,58,Brice Garnett,8,214,150,64,2007,total_driving
72,66,Michael Thompson,7,215,175,40,2007,total_driving
73,76,Collin Morikawa,6,216,168,48,2007,total_driving
T74,T69,Derek Ernst,4,217,80,137,2007,total_driving
T74,T67,Adam Long,10,217,189,28,2007,total_driving
T74,96,Andrew Landry,9,217,171,46,2007,total_driving
77,T84,Akshay Bhatia,5,218,7,211,2007,total_driving
78,T69,Rod Pampling,3,220,28,192,2007,total_driving
79,136,Nick Watney,7,222,73,149,2007,total_driving
T80,T84,Hideki Matsuyama,6,223,115,108,2007,total_driving
T80,115,Doug Ghim,7,223,116,107,2007,total_driving
T80,T90,Kristoffer Ventura,9,223,44,179,2007,total_driving
T83,T73,Byeong Hun An,8,225,10,215,2007,total_driving
T83,T90,Chandler Phillips,2,225,57,168,2007,total_driving
T83,T69,Brian Stuard,10,225,215,10,2007,total_driving
T83,T97,Alex Cejka,5,225,175,50,2007,total_driving
T83,T80,Ryan Armour,9,225,217,8,2007,total_driving
T88,T90,Graham DeLaet,5,226,36,190,2007,total_driving
T88,T77,Tim Wilkinson,6,226,189,37,2007,total_driving
T88,T86,Brandon Wu,2,226,188,38,2007,total_driving
T91,T88,Hank Lebioda,9,228,104,124,2007,total_driving
T91,79,Charles Howell III,9,228,69,159,2007,total_driving
93,T67,Tyler McCumber,9,229,11,218,2007,total_driving
94,T90,Fabián Gómez,9,230,167,63,2007,total_driving
95,T90,Brendon Todd,11,231,228,3,2007,total_driving
T96,49,Cameron Percy,8,233,61,172,2007,total_driving
T96,T99,Adam Scott,4,233,46,187,2007,total_driving
T96,T80,Luke List,9,233,80,153,2007,total_driving
T96,T86,Russell Henley,8,233,179,54,2007,total_driving
T96,T130,Mackenzie Hughes,8,233,101,132,2007,total_driving
101,T109,J.T. Poston,9,234,175,59,2007,total_driving
102,T64,Vince Covello,8,235,73,162,2007,total_driving
103,T99,Xinjun Zhang,10,236,116,120,2007,total_driving
104,105,K.J. Choi,3,237,233,4,2007,total_driving
T105,107,Tim Herron,4,238,220,18,2007,total_driving
T105,T109,Corey Conners,7,238,186,52,2007,total_driving
T107,108,Keith Mitchell,7,239,135,104,2007,total_driving
T107,T130,Cameron Davis,8,239,22,217,2007,total_driving
T107,T99,Richy Werenski,4,239,45,194,2007,total_driving
T107,T88,Vaughn Taylor,8,239,212,27,2007,total_driving
111,168,Chris Baker,9,240,168,72,2007,total_driving
T112,T112,Jim Herman,8,241,221,20,2007,total_driving
T112,T127,Scott Piercy,8,241,105,136,2007,total_driving
T114,T120,J.J. Henry,5,242,173,69,2007,total_driving
T114,T103,Tyler Duncan,10,242,221,21,2007,total_driving
116,T112,Davis Riley,2,243,83,160,2007,total_driving
T117,T125,Bo Hoag,10,244,127,117,2007,total_driving
T117,T116,Chez Reavie,9,244,228,16,2007,total_driving
119,T116,Matt Kuchar,4,245,238,7,2007,total_driving
T120,223,Paul Casey,4,247,160,87,2007,total_driving
T120,T116,Satoshi Kodaira,6,247,234,13,2007,total_driving
T120,T127,Shawn Stefani,6,247,73,174,2007,total_driving
123,106,Carlos Ortiz,8,248,67,181,2007,total_driving
124,T122,Ben Crane,6,249,207,42,2007,total_driving
125,T130,Tom Lewis,3,252,5,247,2007,total_driving
126,T139,Michael Gligic,9,253,73,180,2007,total_driving
T127,T139,Scott Stallings,8,254,47,207,2007,total_driving
T127,T137,Kyle Stanley,8,254,213,41,2007,total_driving
T129,T137,Henrik Stenson,2,255,202,53,2007,total_driving
T129,T125,Austin Cook,8,255,127,128,2007,total_driving
T131,T120,Beau Hossler,8,256,29,227,2007,total_driving
T131,T122,Patrick Rodgers,10,256,26,230,2007,total_driving
T131,T143,Sebastian Cappelen,8,256,30,226,2007,total_driving
T131,T133,Kurt Kitayama,2,256,3,253,2007,total_driving
T131,T77,Vincent Whaley,7,256,103,153,2007,total_driving
T131,T141,Ryan Brehm,10,256,6,250,2007,total_driving
137,T122,Mark Hubbard,10,257,149,108,2007,total_driving
T138,T163,Brandon Hagy,8,258,22,236,2007,total_driving
T138,T109,Billy Horschel,6,258,196,62,2007,total_driving
T140,T147,Sam Burns,6,259,20,239,2007,total_driving
T140,T133,David Lingmerth,5,259,230,29,2007,total_driving
T142,T187,Bud Cauley,6,262,125,137,2007,total_driving
T142,T143,Cameron Tringale,7,262,55,207,2007,total_driving
144,T143,Rikuya Hoshino,2,264,138,126,2007,total_driving
145,T155,Jonathan Byrd,5,265,72,193,2007,total_driving
T146,T116,Maverick McNealy,9,266,89,177,2007,total_driving
T146,T147,Xander Schauffele,3,266,231,35,2007,total_driving
T148,154,Whee Kim,2,267,180,87,2007,total_driving
T148,T141,Lucas Bjerregaard,3,267,18,249,2007,total_driving
150,T152,Chip McDaniel,2,268,59,209,2007,total_driving
T151,T178,Max Homa,6,269,187,82,2007,total_driving
T151,T112,Bill Haas,6,269,147,122,2007,total_driving
T151,146,J.B. Holmes,3,269,224,45,2007,total_driving
T154,129,Zack Sucher,6,270,24,246,2007,total_driving
T154,T157,Roberto Castro,5,270,183,87,2007,total_driving
156,151,Kevin Tway,6,271,27,244,2007,total_driving
T157,T155,Kevin Chappell,6,272,43,229,2007,total_driving
T157,T152,Dominic Bozzelli,7,272,38,234,2007,total_driving
T159,T147,David Hearn,9,273,206,67,2007,total_driving
T159,174,Jimmy Walker,4,273,92,181,2007,total_driving
161,165,Sangmoon Bae,6,274,64,210,2007,total_driving
162,167,Michael Gellerman,8,275,135,140,2007,total_driving
163,T159,Kevin Kisner,7,277,227,50,2007,total_driving
T164,T159,Justin Thomas,5,278,161,117,2007,total_driving
T164,T187,Troy Merritt,7,278,182,96,2007,total_driving
T164,T163,Freddie Jacobson,3,278,141,137,2007,total_driving
167,T175,Talor Gooch,8,280,122,158,2007,total_driving
168,T103,Andrew Putnam,6,283,181,102,2007,total_driving
T169,T157,Si Woo Kim,8,284,99,185,2007,total_driving
T169,T97,Charley Hoffman,7,284,87,197,2007,total_driving
T169,169,Seamus Power,5,284,83,201,2007,total_driving
172,T133,John Huh,5,285,166,119,2007,total_driving
T173,T172,Jason Day,3,286,80,206,2007,total_driving
T173,T172,Chris Kirk,3,286,199,87,2007,total_driving
T173,T175,Rafael Campos,9,286,67,219,2007,total_driving
176,T159,Nate Lashley,8,287,204,83,2007,total_driving
177,177,Brandt Snedeker,4,288,155,133,2007,total_driving
178,T178,Peter Uihlein,6,289,38,251,2007,total_driving
179,150,Kevin Na,7,290,203,87,2007,total_driving
180,T170,Ben Taylor,10,291,134,157,2007,total_driving
181,162,Anirban Lahiri,8,292,118,174,2007,total_driving
182,T208,Roger Sloan,8,293,158,135,2007,total_driving
T183,182,Johnson Wagner,5,294,207,87,2007,total_driving
T183,T183,Robert Garrigus,5,294,52,242,2007,total_driving
T183,T187,Wes Roach,7,294,151,143,2007,total_driving
186,181,Zach Johnson,7,299,216,83,2007,total_driving
187,191,Mikumu Horikawa,3,303,237,66,2007,total_driving
T188,194,Will Gordon,4,304,64,240,2007,total_driving
T188,210,Rory Sabbatini,7,304,219,85,2007,total_driving
T188,T183,Dylan Frittelli,9,304,193,111,2007,total_driving
191,185,Nelson Ledesma,10,305,57,248,2007,total_driving
192,192,Marc Leishman,5,306,90,216,2007,total_driving
193,166,Joseph Bramlett,7,307,94,213,2007,total_driving
194,195,Joaquin Niemann,8,308,164,144,2007,total_driving
T195,T196,Graeme McDowell,5,311,236,75,2007,total_driving
T195,T201,Bronson Burgoon,8,311,130,181,2007,total_driving
197,T187,Brian Gay,9,312,162,150,2007,total_driving
198,193,Rhein Gibson,9,313,90,223,2007,total_driving
199,T196,Tom Hoge,8,314,185,129,2007,total_driving
200,200,Mark Anderson,7,319,132,187,2007,total_driving
201,204,Smylie Kaufman,3,320,64,256,2007,total_driving
T202,199,Zac Blair,10,322,225,97,2007,total_driving
T202,214,Francesco Molinari,3,322,125,197,2007,total_driving
T204,T170,John Senden,5,324,120,204,2007,total_driving
T204,180,Ben Martin,6,324,223,101,2007,total_driving
T206,T205,James Hahn,6,325,163,162,2007,total_driving
T206,186,Aaron Baddeley,6,325,198,127,2007,total_driving
208,T211,J.J. Spaun,9,330,118,212,2007,total_driving
T209,203,Robert Streb,9,332,141,191,2007,total_driving
T209,T208,Robert Allenby,3,332,164,168,2007,total_driving
211,T211,Martin Trainer,8,339,94,245,2007,total_driving
212,T205,"Ted Potter, Jr.",7,340,151,189,2007,total_driving
213,T201,Chris Stroud,6,341,194,147,2007,total_driving
T214,T205,Rob Oppenheim,10,342,200,142,2007,total_driving
T214,198,Matt Every,7,342,122,220,2007,total_driving
T214,213,Morgan Hoffmann,4,342,143,199,2007,total_driving
217,215,Roberto Díaz,2,345,110,235,2007,total_driving
218,216,Stewart Cink,4,350,112,238,2007,total_driving
219,217,C.T. Pan,5,353,189,164,2007,total_driving
220,T218,Patton Kizzire,9,354,158,196,2007,total_driving
221,222,Hudson Swafford,4,356,183,173,2007,total_driving
222,T218,George McNeill,6,359,145,214,2007,total_driving
223,220,Patrick Reed,4,363,239,124,2007,total_driving
224,221,Jamie Lovemark,4,365,114,251,2007,total_driving
225,224,Luke Donald,2,378,232,146,2007,total_driving
226,226,Bo Van Pelt,7,387,155,232,2007,total_driving
227,225,Davis Love III,3,400,172,228,2007,total_driving
228,228,Arjun Atwal,5,404,173,231,2007,total_driving
T229,231,Daniel Chopra,3,411,157,254,2007,total_driving
T229,227,Kevin Stadler,6,411,217,194,2007,total_driving
231,229,John Rollins,4,414,209,205,2007,total_driving
232,230,Parker McLachlin,4,421,201,220,2007,total_driving
233,232,Peter Malnati,9,422,197,225,2007,total_driving
234,233,Michael Kim,8,435,211,224,2007,total_driving
235,235,Tommy Gainey,4,442,209,233,2007,total_driving
236,234,D.A. Points,4,446,226,220,2007,total_driving
237,236,Ricky Barnes,6,451,214,237,2007,total_driving
238,237,Brendon de Jonge,3,462,205,257,2007,total_driving
239,238,Shugo Imahira,2,490,235,255,2007,total_driving
